Average times:
SIFT Detection,5.93955,545
SIFT Matching,0.924742,545
Corr Filter,1.09177,545
Misc,0.465819,545
Solve,3.20991,545
Re-Integrate,22.8713,545
Misc,15.6893,545


SIFT Detection,3.7441,2.6013,3.7449,2.6478,2.6023,2.8018,2.6316,2.7655,2.7592,4.3358,2.7929,2.7165,3.7814,2.5609,2.5521,2.415,2.5,2.5041,3.9747,2.5179,2.663,2.9236,3.6846,6.1859,2.7139,2.6667,2.6923,2.8691,3.1293,2.9372,3.2783,2.7315,10.1386,7.582,7.4793,2.7859,2.7947,2.9517,2.8365,3.7105,2.7932,2.747,5.9011,7.0059,8.4576,2.7691,4.1212,2.8314,2.9321,2.9128,2.9684,2.9053,5.8885,7.6936,6.2121,5.4945,2.9029,2.7868,2.8095,2.8562,3.16,2.9968,3.8886,7.5204,4.7793,7.8665,7.397,2.9971,2.7265,2.7806,2.9806,2.9437,7.4462,5.861,5.9504,6.5219,5.9739,6.2687,2.8081,2.7477,2.8079,3.0187,5.9613,7.5038,5.4537,5.6201,3.433,5.7735,8.472,4.3558,3.0855,3.0841,3.6553,7.6993,7.7241,5.6045,6.8958,5.3642,7.5345,4.5938,4.0221,2.93,25.7885,5.8069,5.83,6.5249,7.334,7.4891,6.4638,6.8711,6.5856,9.2097,6.1709,9.5884,4.9714,7.4942,5.7184,5.3396,4.8004,5.4309,4.8189,7.1312,4.7767,6.7783,7.4831,7.1291,8.927,6.7444,5.0143,6.4679,7.8924,6.4011,6.1304,6.549,6.5833,5.6452,6.6069,6.811,5.9965,4.6313,6.7989,7.3618,5.4403,7.4965,8.0621,7.4529,5.7191,6.6745,5.6869,4.5979,7.7796,6.1582,6.7647,4.0237,5.9041,8.5266,6.0471,6.0322,8.5427,3.7016,7.7745,5.4801,5.127,5.7077,6.3524,4.6525,8.838,3.6112,5.9808,6.5535,6.4159,4.3764,6.9127,7.3941,7.4369,5.9607,7.7218,3.3852,5.7372,3.7224,7.1954,7.1253,7.9953,8.7471,6.4611,5.9467,5.8858,4.5755,5.4476,6.7315,5.1368,4.8131,7.4755,5.0707,4.8538,7.5118,3.454,5.0463,5.2168,5.8302,7.3549,5.338,5.0325,6.0112,5.5058,7.9098,4.9552,5.9736,5.9661,6.6638,7.7482,6.1636,6.2048,7.6883,6.0638,6.7851,4.0321,8.8476,4.2245,6.8736,7.2822,5.8374,5.7751,5.258,7.6079,7.9769,8.1549,8.7393,5.4866,6.017,6.2848,5.2135,7.634,5.4642,5.7692,5.8994,6.5695,6.7628,6.5468,5.7231,4.4271,4.8625,4.6705,5.8271,5.9668,6.005,7.0171,7.3968,3.9138,6.3709,7.6664,7.1745,7.48,5.9527,6.8146,6.9412,7.7112,6.1545,5.2706,6.9407,6.2403,9.1841,6.9281,4.3753,7.6243,7.0961,7.0356,7.401,6.6103,5.8103,5.2893,7.0642,6.4595,6.8164,7.6142,8.0437,4.4218,6.6012,5.6473,6.3051,7.8307,7.9815,6.6191,5.2907,6.2272,6.1571,4.8532,4.6947,5.8837,5.6662,7.7294,4.472,4.051,6.4856,7.6564,8.7845,4.1368,6.8827,8.4674,5.696,7.296,5.8883,4.2635,7.0289,5.1978,6.5425,7.7383,7.5078,3.6174,5.3785,5.0399,4.8106,6.6057,5.0627,4.4553,7.3409,7.2912,6.471,5.8525,6.0896,3.4697,7.7253,5.2792,5.3799,4.3543,7.6493,4.5882,7.2287,5.6283,6.8064,6.7759,5.5617,6.0764,5.9085,4.5286,6.8319,5.7824,4.0876,5.6798,4.4951,7.1746,5.3411,5.4268,6.0668,3.7884,5.1424,5.8806,3.62,8.0539,3.9555,5.7253,4.9438,5.2268,4.8795,4.6038,6.748,6.6518,6.3167,6.4557,5.563,6.9607,7.2219,5.4156,5.4468,7.4787,4.5273,4.7206,5.9719,5.5484,6.3919,6.9257,5.2888,6.9793,6.5228,4.6665,7.7287,7.2229,4.8612,7.2557,5.6521,6.0036,7.0087,6.2013,3.9258,9.4805,6.0753,6.9316,6.6825,6.1622,3.3422,8.0096,6.5167,5.9866,9.0496,4.3216,6.7098,5.1969,8.0093,5.2702,6.604,5.5245,6.23,7.0716,6.9529,7.0884,7.0624,6.4326,4.105,7.6136,4.1508,5.6347,6.0838,7.9345,5.4495,4.5665,6.6111,3.3831,6.3113,7.8249,5.3253,5.1474,5.6455,6.3349,6.0336,6.3533,3.8208,6.451,6.9735,7.2074,4.225,6.2134,4.9152,8.2477,8.7737,5.6165,6.4984,6.8532,5.3092,6.0792,6.6053,5.2316,4.9304,8.0163,5.6573,5.0958,5.358,5.8101,5.5302,5.8702,5.0672,7.0736,8.5523,6.1741,8.8126,8.5004,5.9739,7.0007,7.563,5.395,3.6677,7.0716,4.6472,7.5769,6.0769,6.1971,7.5697,9.2883,4.8515,3.3659,5.8858,4.968,6.9552,23.4225,5.5381,3.9115,6.0575,5.6312,6.304,8.7622,4.2412,4.1357,5.696,38.3415,5.9614,4.985,5.4365,6.2639,6.4156,6.5078,4.9519,9.3806,6.0798,7.8171,4.7636,3.6512,7.6446,8.0559,4.6232,4.9495,4.4486,5.3942,7.7135,6.5831,3.3667,6.6811,7.7217,4.4436,7.8826,5.5572,4.8687,5.8629,6.1697,4.4995,5.0438,6.7789,4.3038,6.7746,5.8071,5.728,7.8915,8.2832,4.5015,7.3338,4.8786,5.1372,6.6542,5.7472,3.9549,7.4386,8.2181,5.5926,6.9546,6.292,4.6166,6.9673,4.9329,5.0974,6.8759,7.3655,4.9121,8.7933,8.646,4.4974,8.2371,7.2139
SIFT Matching,0,0.1875,0.153,0.2022,0.2634,0.2871,0.3246,0.4021,0.352,0.3718,0.4028,0.1963,0.1977,0.2011,0.2602,0.3082,0.3295,0.4433,0.5717,0.3688,0.3978,0.1213,0.5395,0.4765,0.3704,0.3023,0.5255,0.62,1.2466,0.3634,0.4127,0.221,0.1734,0.6781,0.5439,0.3292,0.3501,0.404,0.4338,0.4573,0.694,0.1253,0.7289,0.2992,0.8495,0.3184,0.3167,0.3243,0.3658,0.3677,0.4122,0.3125,0.2364,0.592,1.069,1.1417,1.3753,0.6288,0.3738,0.387,0.4229,0.1243,0.3926,0.7469,0.9654,0.5442,1.0006,0.3635,0.3824,0.3642,0.421,0.5757,0.4466,1.0915,1.0157,0.973,0.7475,1.2902,0.8281,0.3825,0.417,0.1513,3.9576,0.6123,0.9766,0.9245,0.4817,1.5524,1.0248,1.3162,0.4126,0.1211,0.1845,0.772,0.8577,0.5312,0.8283,1.018,1.4253,1.4561,2.2016,0.1276,0.1789,0.3955,1.6252,0.9059,1.3756,0.9166,1.5523,0.9915,1.4581,0.8553,1.0488,0.7537,0.5388,1.1094,1.4702,0.5397,0.3572,1.2601,1.8327,0.4477,0.5707,0.9135,0.9648,0.7407,0.7289,1.3446,1.216,1.3612,1.6399,0.4435,0.2522,0.9511,0.9594,1.0423,1.234,0.6533,0.8931,1.6628,0.5863,0.5155,0.2723,0.5089,0.8415,0.6875,1.0415,1.1553,1.3673,1.6378,1.4966,0.1866,0.5014,0.7786,0.6225,0.5341,1.441,0.8239,0.6046,1.2695,1.9864,0.2049,0.3085,0.4735,1.0846,0.3929,0.361,1.0991,1.3518,1.3754,1.6919,0.2296,0.6567,0.8303,0.7186,0.956,1.0747,0.5087,0.7391,1.6135,1.4482,0.2186,0.3111,0.5351,0.9952,0.5623,0.6526,1.1574,0.5714,0.7927,1.6494,0.7626,0.9996,1.3309,1.2515,0.6865,1.311,0.6769,1.3719,2.4961,2.0602,0.3406,0.3518,0.6227,0.501,1.3006,1.2629,1.9693,2.4276,1.4725,1.6645,0.3607,0.8667,0.4911,0.9477,0.5357,0.6616,1.3584,1.4981,1.365,1.9927,0.1647,0.2982,0.7416,1.0231,0.5892,0.969,1.1597,2.2714,1.0586,1.4775,0.4406,0.8331,0.5243,0.4872,1.3027,1.6856,1.7414,1.6558,1.2264,1.4216,0.3798,0.2312,0.9091,0.4615,0.7477,1.1942,0.5655,1.2044,1.6973,1.3102,0.5524,0.3608,0.8233,0.6838,1.0161,0.8063,1.3054,0.6444,1.8752,1.5038,0.5572,0.8553,0.2653,1.247,0.8383,0.9179,0.9324,2.3072,1.0484,1.3854,0.2045,0.4346,0.9404,0.3021,0.6051,2.1404,1.262,1.5093,2.4542,1.3025,0.4015,0.3558,0.9806,0.2787,1.0077,1.1315,1.426,1.321,0.7856,2.0921,0.4097,0.8535,0.5116,0.62,1.0754,0.7975,1.1718,2.3143,1.7302,2.0454,0.7781,1.2216,0.3507,0.9415,1.1083,0.8526,1.0509,0.568,1.4497,1.8905,0.1697,0.4966,0.6671,1.0837,0.533,1.1195,1.2875,1.0573,1.6733,0.7057,0.1865,0.2512,0.9514,0.3412,1.0474,0.8301,1.2733,0.9725,1.6121,1.9436,0.341,0.3963,0.8899,0.9029,0.8327,0.9596,1.2669,1.1152,1.2891,1.4323,0.3749,0.4869,0.3845,1.1333,0.8077,1.0804,1.4854,1.1689,1.7188,1.9909,0.2381,0.7024,0.482,0.426,0.8999,0.9607,1.3074,1.5599,1.7498,2.0102,0.551,0.6627,0.3803,1.0609,0.9703,1.1819,1.4109,1.1079,0.9181,1.6433,0.1807,0.4309,0.6277,1.1032,0.4749,1.091,0.779,1.2328,1.0993,1.3426,0.2071,0.7284,0.9345,1.0216,1.1665,1.0163,1.2542,1.5854,0.541,1.9451,0.4682,0.449,1.195,1.2404,3.0233,1.3884,4.0075,1.0362,2.2979,2.0542,0.5838,0.8775,1.0925,0.9972,1.0763,1.143,1.3201,1.75,1.4882,2.0844,0.5812,0.5895,0.8447,0.3686,1.1918,1.2767,1.4226,1.9997,1.6655,1.161,0.4371,0.2298,0.6602,0.6749,0.9577,1.5409,0.6165,1.7752,1.6103,1.6,0.4294,0.2539,1.0086,0.9667,1.1861,1.2145,0.8604,1.5777,1.6305,1.337,0.4809,0.3869,0.7792,0.3226,1.2078,0.8106,0.8503,0.6297,1.6762,1.3273,0.4027,0.5478,0.7688,1.0221,0.8426,1.3217,1.1982,1.5987,1.5017,1.6848,0.6455,0.5285,0.3321,0.8872,0.9691,1.5902,1.5495,1.3343,1.6847,0.6278,0.1824,0.5762,0.7819,0.3246,0.7093,1.1601,1.2093,1.3525,1.7444,1.1082,0.2105,0.2757,0.7519,1.0002,1.0114,1.1377,1.1247,0.7921,1.2161,1.3826,0.3413,0.4686,0.8945,0.9985,0.9935,0.8751,1.2675,2.1246,1.4665,0.8002,0.4446,0.6333,0.2967,1.028,1.001,0.3878,1.4486,0.7596,1.99,1.9633,0.4005,0.7517,0.4272,0.7088,0.6961,1.1979,1.5113,1.7255,2.0369,1.6371,0.2049,0.6495,0.3501,1.1069,1.031,1.2107,1.3904,0.5511,1.3151,0.5757,0.4273,0.2685,0.3545,0.5287,1.1828,0.6317,1.1933,0.8679,1.3691,2.0253,0.2518,0.2897,0.3045,0.5178
Match Filter Key Point,0,0.2779,0.2729,0.3451,0.3949,0.4004,0.2469,0.2921,0.5003,0.5013,0.2677,0.3475,0.1582,0.2435,0.2334,0.1994,0.2279,0.1953,0.3759,0.3791,0.2094,0.2247,0.2223,0.2598,0.3041,0.2072,0.2576,0.4084,0.5778,0.2487,0.2642,0.2538,0.2162,0.2541,0.28,0.2253,0.2838,0.1906,0.2453,0.2448,0.3168,0.3232,0.4481,0.284,0.3041,0.3033,0.3506,0.409,0.3354,0.4333,0.3842,0.4526,0.468,0.3372,0.2677,0.724,0.2659,0.2871,0.335,0.4015,0.4008,0.2541,0.451,0.2161,0.2508,0.3822,0.3119,0.2245,0.4425,0.2539,0.4963,0.2796,0.3832,0.444,0.4775,0.3944,0.5474,0.5603,0.4212,0.314,0.4485,0.4676,0.2673,0.4,0.6074,0.2716,0.5099,0.2858,0.5938,0.3422,0.5876,0.3461,0.3739,0.3351,0.3238,0.3247,0.2877,0.2583,0.5372,0.2944,0.316,0.5448,0.342,0.2666,0.4113,0.3269,0.5245,0.6267,0.382,0.7489,1.078,0.4778,0.7163,0.618,0.6159,0.5762,0.6985,0.6702,0.7292,0.7299,0.562,0.6573,0.4393,0.5172,0.6763,0.7468,0.6424,0.4633,0.5332,0.4807,0.8234,0.8406,0.5079,0.4278,0.4948,0.6905,0.5399,0.5655,0.5268,1.2358,0.4736,0.4011,0.5173,0.5585,0.7579,0.8627,0.8126,0.6859,0.6671,0.6131,0.665,0.4947,0.4682,0.4097,0.6467,0.7465,0.489,0.9843,0.7996,0.5031,0.3889,0.336,0.3423,0.8065,0.3831,0.6668,0.524,0.5749,0.4472,0.6614,0.5717,1.1134,0.4822,0.6029,0.6038,0.8598,0.9284,0.883,0.7787,1.087,0.8734,0.6403,0.5013,0.7434,0.6104,0.6052,0.5973,0.7568,0.5972,0.6428,0.7569,0.642,0.5919,0.6666,0.8053,0.7214,0.5942,0.7604,0.7647,0.7627,0.7538,0.5572,1.3785,0.7854,0.4737,0.9533,0.8704,0.9338,1.0676,0.762,0.7969,0.6058,0.9446,0.7429,0.7266,0.8068,0.8495,0.9411,0.6878,0.781,0.7413,0.6363,0.7198,0.8075,0.8386,0.7361,0.7709,0.6926,0.7578,0.804,0.8111,0.8547,0.6632,0.7388,0.7698,0.992,0.7376,0.7209,0.8032,0.903,0.7174,1.2563,0.9001,0.6877,0.788,0.6813,0.8673,0.7252,0.7363,0.635,0.857,0.5305,0.6678,0.5872,0.5418,0.8656,0.7636,0.5373,1.3329,0.8374,0.7884,0.7815,0.8195,0.9813,0.8878,0.8627,0.8142,0.8346,0.6397,1.0302,0.9196,0.58,0.5635,0.5692,0.8386,0.6073,1.004,0.7393,0.7803,0.883,0.794,0.9987,0.8104,0.7606,0.9124,0.7778,0.9459,1.5014,0.8879,0.7065,0.89,0.8204,0.8678,0.9383,0.9707,0.9071,1.0245,0.8121,1.1748,0.9515,0.8169,0.9592,0.7878,2.0733,1.0464,0.9948,0.9213,0.8355,1.1266,1.3702,0.7752,0.5476,0.8046,0.6081,0.6777,0.7004,0.8181,0.7265,0.8457,0.8515,0.6714,0.776,0.7795,0.6311,0.6757,0.8706,0.6397,1.3269,0.7619,0.6125,0.74,0.7323,0.6307,0.7465,0.8421,0.7563,0.8169,0.5677,0.6192,0.8336,0.7664,0.6152,0.6453,0.5579,0.7317,2.2748,0.7501,1.1215,0.6604,0.8096,0.6135,0.43,0.5939,0.5746,0.5942,0.8988,0.6923,0.5983,0.5488,0.5016,0.5852,0.4759,0.5237,0.5524,0.5596,0.5771,1.1375,0.866,0.6376,0.6761,0.6517,1.1068,0.805,0.7453,0.7321,0.8885,0.7464,1.1087,0.5014,0.7826,0.5331,0.378,0.5124,0.6424,0.8298,0.7106,0.7776,0.738,0.8174,2.4081,0.9141,2.4341,0.759,0.9231,1.1522,1.0315,1.2632,1.1735,0.8759,1.984,1.0663,0.88,1.6293,0.8596,0.9043,0.9456,0.9458,0.8969,0.8869,0.902,1.1593,0.7983,0.7603,0.8481,1.0109,0.9886,1.1675,1.0973,0.8357,1.109,0.8912,0.7121,1.0361,0.8313,0.8559,1.144,1.0954,0.9604,0.7965,1.0901,1.4267,0.7194,0.9076,0.8542,0.8098,1.0006,0.925,1.0098,1.0559,1.0283,1.173,0.7383,0.7885,1.1958,0.8398,0.829,1.0932,0.9505,1.0649,0.8951,0.9099,0.9011,0.8507,0.8877,0.9737,0.9296,0.9316,0.9415,0.9417,1.1379,0.8548,0.717,0.9568,0.9355,1.0767,1.1492,0.9027,1.1361,1.2075,1.2445,0.9809,0.7954,1.1542,1.1612,1.0179,1.0606,1.3018,1.0062,1.0384,0.9728,0.6297,0.4089,0.4837,0.3768,0.5491,0.6829,0.7675,0.7012,0.6747,0.5997,0.8342,0.6697,0.721,0.7082,0.677,0.6595,0.9599,0.8948,0.7709,0.8338,0.898,0.7797,0.4924,0.6662,0.8484,0.9426,0.8386,0.903,1.0016,0.9089,0.7343,0.7271,0.6594,0.8333,0.8365,1.6768,0.9953,0.7423,1.018,2.1121,0.8736,0.6759,0.7368,0.6894,0.5452,0.535,0.6616,0.6796,0.5731,0.6287,0.7162,0.6573,0.7682,0.8629,0.7889,0.909,0.979,0.7962,0.719,0.7458,0.8407,0.749,0.8144,0.8324,0.9786
Match Filter Surface Area,0,0.0830002,0.0707998,0.0995002,0.0818998,0.0709,0.0810998,0.0996001,0.0813,0.1014,0.1014,0.1013,0.0805999,0.0797999,0.0829,0.0827999,0.0829,0.0742001,0.0927001,0.0883001,0.0817999,0.0809,0.116,0.112,0.1003,0.0811,0.0814002,0.1,0.0806998,0.0815999,0.1097,0.0863001,0.0809,0.1068,0.0872,0.0807,0.1002,0.0819,0.0809,0.0819,0.0815999,0.1004,0.1526,0.1001,0.0809999,0.1115,0.0981998,0.0998999,0.0818002,0.349,0.1012,0.0828002,0.1063,0.0813999,0.091,0.0911001,0.0823999,0.0816002,0.0815999,0.0904999,0.0828002,0.0904,0.1234,0.1072,0.0831999,0.128,0.1578,0.0804998,0.1121,0.0805,0.0804998,0.0825999,0.5215,0.1296,0.1254,0.2063,0.093,0.1366,0.4704,0.11,0.1103,0.1039,0.0837001,0.1086,0.0910999,0.0924999,0.1697,0.1514,0.4257,0.1461,0.0912,0.1098,0.0811999,0.2214,0.2031,0.0944,0.217,0.0921001,0.1381,0.1477,0.1429,0.11,0.1101,0.149,0.2162,0.101,0.1227,0.1644,0.1561,0.1353,0.1254,0.1901,0.1752,0.1638,0.0934999,0.2015,0.1424,0.1524,0.1566,0.1588,0.1873,0.1711,0.1477,0.1485,0.36,0.1425,0.1607,0.317,0.1368,0.1248,0.1371,0.1347,0.1336,0.0892,0.1884,0.135,0.1647,0.1267,0.1587,0.1036,0.1489,0.2013,0.6818,0.1563,0.0922,0.1048,0.0965998,0.1276,0.1153,0.1322,0.1739,0.1994,0.0954,0.1542,0.149,0.1016,0.1252,0.2526,0.1547,0.0894002,0.2119,0.1277,0.149,1.085,0.1344,0.1318,0.1258,0.1323,0.0994999,0.137,0.0967002,1.1468,0.129,0.1473,0.1503,0.2819,0.1559,0.1534,0.3956,1.1673,0.1722,0.1569,0.1464,0.0948,0.1332,0.1531,0.1557,0.1292,0.1407,0.1247,0.1578,0.1056,0.2062,0.2124,0.1605,0.1348,0.1181,0.1882,0.0863001,0.1245,0.2022,0.1531,0.3643,0.1047,0.1514,0.1429,0.4279,0.0948999,0.1024,0.1576,0.1142,0.1058,0.1585,0.1341,0.2239,0.1631,0.4385,0.3147,0.1602,0.128,0.1823,0.0867001,0.1591,0.218,0.22,0.0903001,0.1562,0.218,0.1398,0.1376,0.1275,0.0927001,0.1108,0.1406,0.1347,0.1385,0.1968,0.1059,0.0909001,0.1396,0.1588,0.8795,0.1381,0.1941,0.1327,0.1309,0.3452,0.1172,0.2306,0.1035,0.1346,0.1918,0.1217,0.1409,0.2102,0.0994001,0.0948999,0.142,0.2554,0.1035,0.1856,0.1095,0.1324,0.1322,0.0937001,0.1758,0.1493,0.1305,0.0972999,0.1711,0.1562,0.22,0.2152,0.0960999,0.1635,0.1711,0.1561,0.0962,0.0968999,0.1013,0.1551,0.1435,0.0904,0.1038,0.132,0.132,0.1916,0.1584,0.3611,0.1654,0.1319,0.1554,0.0932,0.191,0.1931,0.2581,0.1633,0.1092,0.0985002,0.1426,0.0996001,0.1181,0.2188,0.1554,0.1261,0.3853,0.174,0.1679,0.168,0.1465,0.1539,0.2182,0.1819,0.0876,0.1739,0.1698,0.1467,0.1357,0.2179,0.0907001,0.0956,0.1328,0.1068,0.1933,0.1687,0.2247,0.2066,0.1745,0.0932999,0.2173,0.1712,0.1848,0.2083,0.1419,0.1574,0.1551,0.0918999,0.1553,0.1711,0.1833,0.3751,0.1595,0.1929,0.1414,0.1557,0.1596,0.1429,0.3688,0.1939,0.1401,0.1112,0.1585,0.1934,0.0955001,0.133,0.1834,0.3554,0.17,0.1667,0.1705,0.1377,0.1866,0.1109,0.1715,0.1717,0.1826,0.8816,0.1812,0.1687,0.1421,0.1156,0.4106,0.1204,0.1158,0.093,0.0982,0.2182,0.9376,0.0977002,0.3955,0.0946,0.1035,0.0889001,0.2301,0.1653,0.1482,0.1469,0.1718,0.1722,0.1673,0.0996001,0.1717,0.1579,0.2303,0.1006,0.1898,0.163,0.1822,0.1563,0.8411,0.1552,0.3879,0.1326,0.1593,0.1466,0.2369,0.1939,0.2287,0.1589,0.244,0.1546,0.1497,0.1711,0.2298,0.1441,0.4162,0.1199,0.1315,0.1414,0.1882,0.132,0.154,0.1045,0.1555,0.1467,0.2429,0.1758,0.1342,0.0993002,0.1319,0.156,0.1104,0.3485,0.168,0.2241,0.0968,0.1197,0.152,0.1311,0.1124,0.0967002,0.1714,0.1317,0.1718,0.1724,0.2235,0.134,0.1939,0.1604,0.1549,0.181,0.1732,0.1811,0.139,0.0993002,0.1927,0.1974,0.2131,0.1328,0.1678,0.1034,0.2181,0.1211,0.1811,0.0914999,0.0983002,0.0968999,0.1695,0.1462,0.1451,0.0898,0.1718,0.1574,0.1469,0.4117,0.094,0.1006,0.3727,0.159,0.1715,0.1363,0.147,0.1537,0.1524,0.1325,0.1993,0.2005,0.1618,0.1492,0.0998999,0.1309,0.1139,0.1013,0.1341,0.2134,0.1478,0.7517,0.1405,0.1475,0.1774,0.1806,0.1144,0.4051,0.1862,0.1952,0.0964,0.1004,0.0935001,0.1316,0.095,0.1365,0.1186,0.0938,0.1541,0.0882,0.2166,0.1367,0.1313,0.1166,0.0994999,0.1202,0.1352,0.0891001,0.1084,0.1006,0.1462,0.3667,0.1345,0.1918,0.1262,0.1568,0.0886,0.1567,0.1563,0.0918999,0.1882,0.1322,0.0938999,0.1112,0.1554,0.1623,0.1309,0.2311,0.2335,0.1009
Match Filter Dense Verify,0,0.1369,0.1201,0.1201,0.121,0.1212,0.1203,0.1304,0.1309,0.1313,0.1204,0.1217,0.13,0.1199,0.1298,0.1309,0.1506,0.134,0.1312,0.141,0.1206,0.1199,0.2316,0.3922,0.1303,0.1308,0.1355,0.137,0.1342,0.1304,0.1331,0.1302,0.0627001,0.1711,0.1697,0.1308,0.1343,0.131,0.1305,0.13,0.1303,0.1211,0.1541,0.1873,0.1928,0.1305,0.1244,0.1207,0.1209,0.133,0.1209,0.1211,0.2015,0.1662,0.1891,0.1836,0.1312,0.1405,0.1391,0.1438,0.1405,0.1301,0.1634,0.1959,0.1522,0.1506,0.2673,0.14,0.1405,0.1395,0.1437,0.131,0.333,0.1925,0.1882,0.2642,0.2573,0.1929,0.163,0.1398,0.1401,0.1304,0.1419,0.1589,0.2113,0.1379,0.3517,0.2164,0.1844,0.1737,0.1401,0.1396,0.1304,0.2264,0.2629,0.2201,0.1485,0.15,0.419,0.1902,0.1844,0.1307,0.1312,0.1501,0.1659,0.2114,0.204,0.4449,0.1873,0.1738,0.2432,0.1999,0.2168,0.1484,0.1491,0.2102,0.1883,0.3765,0.3557,0.3561,0.2284,0.1849,0.4912,0.2208,0.1414,0.2461,0.1469,0.1717,0.1549,0.4112,0.148,0.1851,0.3788,0.1984,0.3033,0.154,0.1814,0.4231,0.2201,0.1645,0.2016,0.2562,0.2706,0.1969,0.1764,0.1624,0.2266,0.3811,0.1508,0.1952,0.2039,0.2177,0.2881,0.2426,0.1537,0.1397,0.174,0.9929,0.1479,0.17,0.5028,0.3802,0.1891,0.2631,0.1644,0.1515,0.4019,0.3491,0.1771,0.1516,0.2379,0.2146,0.2058,0.2704,0.2312,0.2042,0.1614,0.1814,0.1424,0.1789,0.1761,0.1912,0.1464,0.2559,0.1873,0.153,0.1438,0.377,0.1483,0.1829,0.1457,0.1632,0.2086,0.2511,0.1957,0.1496,0.2393,0.1467,0.177,0.141,0.2201,0.1821,0.2039,0.1526,0.1429,0.4257,0.1589,0.1419,0.1854,0.1458,0.2429,0.1345,0.1425,0.1934,0.2413,0.1652,0.1613,0.1522,0.1427,0.6424,0.1521,0.1648,0.418,0.3504,0.208,0.144,0.1338,0.204,0.2729,0.2055,0.4044,0.168,0.2778,0.2742,0.1393,0.1406,0.1847,0.2861,0.1408,0.1499,0.1943,0.2239,0.1403,0.2475,0.1633,0.163,0.1802,0.1458,0.1902,0.2085,0.1619,0.2588,0.1724,0.27,0.4324,0.2022,0.1843,0.1426,0.1519,0.165,0.2201,0.1882,0.1757,0.1512,0.2297,0.1976,0.2718,0.1664,0.1813,0.2053,0.1979,0.2533,0.2925,0.18,0.157,0.2064,0.1521,0.2832,0.2038,0.1668,0.1564,0.1871,0.1397,0.1841,0.1387,0.2103,0.1797,0.2084,0.1815,0.2725,0.2351,0.1443,0.2814,0.2755,0.1786,0.2098,0.3537,0.2714,0.2218,0.2334,0.1956,0.1444,0.3173,0.1517,0.2791,0.2091,0.1773,0.2163,0.1724,0.2085,0.212,0.1932,0.1779,0.1901,0.2013,0.4533,0.2186,0.2189,0.2858,0.1811,0.282,0.1398,0.2064,0.2783,0.4193,0.2308,0.233,0.1983,0.1791,0.2849,0.2187,0.274,0.2709,0.1982,0.189,0.1953,0.214,0.1558,0.269,0.2052,0.1821,0.1492,0.2869,0.2034,0.1871,0.2727,0.1961,0.1687,0.267,0.167,0.1792,0.1931,0.2796,0.2477,0.14,0.1487,0.1903,0.1826,0.2111,0.224,0.1667,0.1804,0.242,0.1796,0.4224,0.1753,0.2107,0.1649,0.4007,0.1746,0.2054,0.2101,0.1634,0.1791,0.2296,0.2059,0.572,0.188,0.2791,0.2075,0.147,0.1948,0.1462,0.2488,0.2087,0.1894,0.1965,0.1951,0.2167,0.4328,0.1997,0.1839,0.1755,0.1898,0.2163,0.2688,0.2509,0.2651,0.1779,0.2875,0.175,0.164,0.1563,0.1745,0.2314,0.1907,0.215,0.2778,0.1788,0.4263,0.1566,0.1935,0.231,0.212,0.1524,0.2189,0.5029,0.1757,0.2404,0.2751,0.163,0.2163,0.2444,0.1656,0.1661,0.1942,0.1947,0.1474,0.2026,0.1488,0.1618,0.1903,0.2102,0.2111,0.6246,0.1977,0.2417,0.1786,0.1643,0.1782,0.2311,0.2076,0.1751,0.2315,0.4035,0.2797,0.2311,0.2783,0.1744,0.1778,0.2326,0.2138,0.1911,0.2305,0.205,0.3,0.2351,0.2616,0.1547,0.2587,0.2633,0.2808,0.1924,0.2056,0.1919,0.1918,0.1898,0.2302,0.286,0.245,0.2235,0.248,0.2288,0.1932,0.1853,0.2547,0.2396,0.1998,0.156,0.204,0.25,0.1544,0.2557,0.1959,0.2358,0.2785,0.2259,0.1887,0.1792,0.2076,0.1766,0.2588,0.2041,0.157,0.2816,0.1871,0.192,0.1735,0.4013,0.1995,0.2516,0.19,0.1628,0.2056,0.3995,0.1913,0.1901,0.152,0.177,0.2132,0.2003,0.2409,0.1933,0.1743,0.1878,0.2863,0.175,0.246,0.1904,0.1943,0.1486,0.299,0.1567,0.2307,0.2063,0.2313,0.2011,0.1617,0.2692,0.1749,0.1529,0.2892,0.151,0.1568,0.1635,0.2058,0.1784,0.2551,0.2009,0.1592,0.2314,0.1776,0.2964,0.2173,0.1933
Misc,0,0.1944,0.1756,0.1775,0.1819,0.1875,0.1795,0.1832,0.4362,0.1829,0.1789,0.186,0.1804,0.1787,0.1791,0.1913,0.1851,0.1811,0.2065,0.1825,0.1795,0.1858,0.4144,0.2942,0.1837,0.1826,0.1857,0.1819,0.184,0.18,0.1814,0.1812,0.1348,1.1595,0.4879,0.1803,0.1825,0.1822,0.1852,0.1785,0.1799,0.1878,0.4538,0.7224,0.352,0.1822,0.2041,0.1854,0.182,0.1826,0.1813,0.1819,0.2593,1.7644,0.7121,0.2821,0.1844,0.1829,0.1792,0.1843,0.1871,0.1816,0.5966,0.2984,0.4217,0.3923,0.584,0.1801,0.183,0.2061,0.1811,0.1835,1.4448,0.7627,0.7622,0.588,0.3312,0.4759,0.183,0.1807,0.1934,0.1805,0.1861,0.4462,0.3696,0.5244,0.5682,0.6246,0.7403,0.3531,0.1827,0.1875,0.1807,0.2012,0.5745,0.5347,0.3899,0.2917,0.2855,2.4463,0.5744,0.1822,0.188,0.6809,0.2831,0.8129,0.2439,0.5356,0.6451,0.434,0.2949,0.2031,0.4153,0.4757,0.2048,0.6017,0.5263,0.5487,0.2956,0.2775,0.5335,0.5463,0.4612,0.7017,0.1988,0.3191,0.5074,0.4727,1.0725,0.2999,0.5455,0.4737,0.2835,0.7312,0.5124,0.3896,0.8674,0.6244,0.63,0.4305,0.3168,0.6016,0.4496,0.3694,0.2527,0.3607,0.2755,0.489,0.8966,0.3722,0.2798,0.5654,0.305,0.6132,0.3503,0.3957,0.7017,0.5838,0.2309,0.4698,0.5408,0.5449,0.7349,0.298,0.569,0.3895,0.551,0.2882,0.743,0.4575,0.3454,0.2993,0.6355,0.49,0.3335,0.2545,0.3745,0.6831,0.4847,0.5781,0.5722,0.7071,0.5333,0.3761,0.6294,0.5531,0.3851,0.2649,0.508,0.8519,0.3826,0.5613,1.4968,0.4007,0.5256,0.2728,0.3161,0.5291,0.4579,0.3528,0.5669,0.5214,0.2924,0.5172,0.4825,0.5441,0.4816,0.4792,0.7317,0.5182,0.2544,0.483,0.5277,0.3021,0.3995,0.3628,0.7282,0.32,0.4726,0.549,0.7846,0.4607,0.5248,1.3552,0.5633,0.7155,0.4541,0.5465,0.4224,0.3308,0.546,0.83,0.2972,0.559,0.3996,0.3924,0.7992,0.3051,0.4887,0.6125,0.4411,0.7862,0.3591,0.7618,0.479,0.3618,0.2791,0.3855,0.6399,0.22,0.3646,0.6261,0.5123,0.5785,0.5991,0.5611,0.6647,0.7975,0.3428,0.4563,0.6183,0.3895,0.473,0.4002,0.2292,0.345,0.5785,0.5264,0.3513,0.2749,0.5448,0.6346,0.5743,0.4119,0.3921,0.3612,0.289,0.222,0.5342,0.6455,0.4336,0.5341,0.5632,0.9567,0.3867,0.5166,0.4987,0.583,0.3904,0.229,0.4028,0.5378,0.3002,0.2746,0.3634,0.6055,0.328,0.2895,0.2438,0.3065,0.8695,0.7277,0.6089,0.7715,0.5817,0.3621,0.3976,0.5557,0.4799,0.4257,0.5281,1.4358,0.5333,1.1276,0.4785,0.5119,0.3373,0.3166,0.5747,0.4915,0.3639,0.677,0.2979,0.2052,0.3201,0.5064,0.5083,0.6179,0.3484,0.5827,0.6343,0.3084,0.6576,0.7041,0.4346,0.4831,0.3134,0.429,0.6553,0.2715,0.2774,0.2838,0.56,0.2908,0.5461,0.371,0.667,0.3763,0.5789,0.4744,0.3469,0.5095,0.5738,0.3811,0.4177,0.526,0.3503,0.5287,0.4627,0.3316,0.4817,0.8532,0.2981,0.4366,0.4434,0.3582,0.6371,0.6313,0.321,0.4108,0.3252,0.4979,0.2641,0.3503,0.3981,0.3324,0.5772,0.885,0.3112,0.3293,0.4987,0.4792,0.4649,0.6616,0.4011,0.224,0.6002,0.6812,0.4464,0.61,0.4725,0.458,0.7497,0.6014,0.3201,0.5535,0.4268,0.3289,0.8994,0.4157,0.511,0.287,0.4318,0.8252,0.6147,0.2871,0.7725,0.2478,0.4678,0.3298,1.1862,0.392,0.377,0.6107,0.408,0.5057,0.3059,0.6794,0.398,0.3081,0.5013,0.3734,0.3192,0.4762,0.6614,0.6359,0.6627,0.5382,0.7965,0.288,0.3398,0.8584,0.1987,0.3328,0.2884,0.7074,0.3563,0.4279,0.4974,0.369,0.235,0.2589,0.4321,0.3722,0.5823,0.5767,0.4706,0.6101,0.5818,0.4198,0.3749,0.7093,0.4687,0.4741,1.1548,0.5948,0.2697,0.4203,0.5004,0.6741,0.4151,0.6085,0.3872,0.8747,0.795,0.3324,1.0851,0.5851,0.5775,0.3986,0.5525,0.4,0.3715,0.3364,0.4757,0.4218,0.3799,0.4542,0.475,0.268,0.4162,1.0577,0.588,0.8282,0.4288,0.811,0.2663,0.4387,0.4711,0.4719,0.3802,0.2993,0.7764,0.4334,1.3407,0.3839,0.2924,0.3364,0.3325,0.434,0.3852,0.3543,0.4778,0.4411,1.3314,0.3299,0.3645,0.4025,0.481,0.7738,0.1931,0.5495,1.205,0.7434,0.6176,0.8766,0.3761,0.4173,0.8413,0.3324,0.5319,0.5648,0.2886,0.2818,0.472,0.3389,0.4597,0.2732,0.6427,0.6259,0.4283,0.5699,0.3433,0.4062,0.2857,0.4869,0.4336,0.5497,0.6217,0.6071,0.3069,0.4977,0.5667,0.579,0.1962
Solve,0,0,0,0,0,0,0,0,0,0,0,22.5764,0,0,0,0,0,0,0,0,0,28.4651,0,0,0,0,0,0,0,0,0,16.2583,0,0,0,0,0,0,0,0,0,27.5862,0,0,0,0,0,0,0,0,0,20.3595,0,0,0,0,0,0,0,0,0,30.8651,0,0,0,0,0,0,0,0,0,30.4869,0,0,0,0,0,0,0,0,0,0,36.6557,0,0,0,0,0,0,0,0,45.3004,0,0,0,0,0,0,0,0,0,24.8238,0,0,0,0,0,0,0,0,0,36.5885,0,0,0,0,0,0,0,0,0,42.5782,0,0,0,0,0,0,0,0,0,40.1039,0,0,0,0,0,0,0,0,0,45.4557,0,0,0,0,0,0,0,0,0,37.5169,0,0,0,0,0,0,0,0,0,44.5089,0,0,0,0,0,0,0,0,0,43.9758,0,0,0,0,0,0,0,0,0,29.7708,0,0,0,0,0,0,0,0,0,45.1622,0,0,0,0,0,0,0,0,0,40.1367,0,0,0,0,0,0,0,0,0,46.1855,0,0,0,0,0,0,0,0,0,32.0259,0,0,0,0,0,0,0,0,0,42.1182,0,0,0,0,0,0,0,0,0,18.5569,0,0,0,0,0,0,0,0,0,30.7375,0,0,0,0,0,0,0,0,0,48.457,0,0,0,0,0,0,0,0,0,30.506,0,0,0,0,0,0,0,0,0,22.5452,0,0,0,0,0,0,0,0,0,21.4784,0,0,0,0,0,0,0,0,0,33.8937,0,0,0,0,0,0,0,0,0,30.8735,0,0,0,0,0,0,0,0,0,36.4365,0,0,0,0,0,0,0,0,0,18.4256,0,0,0,0,0,0,0,0,0,33.9103,0,0,0,0,0,0,0,0,0,41.6165,0,0,0,0,0,0,0,0,0,12.5709,0,0,0,0,0,0,0,0,0,32.5948,0,0,0,0,0,0,0,0,0,30.6078,0,0,0,0,0,0,0,0,0,40.1524,0,0,0,0,0,0,0,0,0,20.4431,0,0,0,0,0,0,0,0,0,26.8625,0,0,0,0,0,0,0,0,0,21.9871,0,0,0,0,0,0,0,0,0,20.6825,0,0,0,0,0,0,0,0,0,13.231,0,0,0,0,0,0,0,0,0,30.7851,0,0,0,0,0,0,0,0,0,24.7063,0,0,0,0,0,0,0,0,0,44.2975,0,0,0,0,0,0,0,0,0,41.9699,0,0,0,0,0,0,0,0,0,47.5117,0,0,0,0,0,0,0,0,0,12.5271,0,0,0,0,0,0,0,0,0,44.697,0,0,0,0,0,0,0,0,0,36.6762,0,0,0,0,0,0,0,0,0,39.0238,0,0,0,0,0,0,0,0,0,31.1309,0,0,0
Solve #Iters,0,0,0,0,0,0,0,0,0,0,0,10,0,0,0,0,0,0,0,0,0,10,0,0,0,0,0,0,0,0,0,10,0,0,0,0,0,0,0,0,0,10,0,0,0,0,0,0,0,0,0,10,0,0,0,0,0,0,0,0,0,10,0,0,0,0,0,0,0,0,0,10,0,0,0,0,0,0,0,0,0,0,10,0,0,0,0,0,0,0,0,10,0,0,0,0,0,0,0,0,0,10,0,0,0,0,0,0,0,0,0,10,0,0,0,0,0,0,0,0,0,10,0,0,0,0,0,0,0,0,0,10,0,0,0,0,0,0,0,0,0,10,0,0,0,0,0,0,0,0,0,10,0,0,0,0,0,0,0,0,0,10,0,0,0,0,0,0,0,0,0,10,0,0,0,0,0,0,0,0,0,10,0,0,0,0,0,0,0,0,0,10,0,0,0,0,0,0,0,0,0,10,0,0,0,0,0,0,0,0,0,10,0,0,0,0,0,0,0,0,0,10,0,0,0,0,0,0,0,0,0,10,0,0,0,0,0,0,0,0,0,10,0,0,0,0,0,0,0,0,0,10,0,0,0,0,0,0,0,0,0,10,0,0,0,0,0,0,0,0,0,10,0,0,0,0,0,0,0,0,0,10,0,0,0,0,0,0,0,0,0,10,0,0,0,0,0,0,0,0,0,10,0,0,0,0,0,0,0,0,0,10,0,0,0,0,0,0,0,0,0,10,0,0,0,0,0,0,0,0,0,10,0,0,0,0,0,0,0,0,0,10,0,0,0,0,0,0,0,0,0,10,0,0,0,0,0,0,0,0,0,10,0,0,0,0,0,0,0,0,0,10,0,0,0,0,0,0,0,0,0,10,0,0,0,0,0,0,0,0,0,10,0,0,0,0,0,0,0,0,0,10,0,0,0,0,0,0,0,0,0,10,0,0,0,0,0,0,0,0,0,10,0,0,0,0,0,0,0,0,0,10,0,0,0,0,0,0,0,0,0,10,0,0,0,0,0,0,0,0,0,10,0,0,0,0,0,0,0,0,0,10,0,0,0,0,0,0,0,0,0,10,0,0,0,0,0,0,0,0,0,10,0,0,0,0,0,0,0,0,0,10,0,0,0,0,0,0,0,0,0,10,0,0,0,0,0,0,0,0,0,10,0,0,0,0,0,0,0,0,0,10,0,0,0,0,0,0,0,0,0,10,0,0,0,0,0,0,0,0,0,10,0,0,0
Process Input,1.4832,1.1048,1.1578,1.1095,1.1063,1.1009,1.0955,1.0912,1.8357,1.1213,1.128,1.1581,1.1496,1.179,1.0935,1.1495,1.1103,1.1001,1.1614,1.1007,1.0618,1.101,1.499,1.0389,1.1254,1.1247,1.1281,1.1155,1.0905,1.059,1.0701,1.0816,1.3054,1.0709,1.1605,1.1213,1.1007,1.1338,1.1342,1.095,1.1101,1.073,1.0094,1.1308,1.1151,1.1113,1.1208,1.0862,1.0851,1.1163,1.1288,1.1095,1.0408,1.2204,1.1178,1.0963,1.1308,1.1811,1.145,1.1924,1.4195,1.1797,1.0183,1.1804,1.1446,1.1301,1.1442,1.2927,1.1771,1.1284,1.2076,1.157,0.9917,1.0995,1.0891,1.1721,1.2083,1.2052,1.1773,1.1578,1.1481,1.1362,6.4007,1.1341,1.2131,1.1904,1.3548,1.1771,1.1261,1.3734,1.1317,1.1813,1.3025,1.1719,1.2464,1.1112,1.1142,1.6427,1.1307,1.0921,1.1654,1.1933,1.352,1.1367,1.1175,1.185,1.2347,1.2065,1.2927,1.3415,1.5141,1.129,1.2289,1.1757,1.1803,1.1771,1.178,1.182,1.1421,1.1183,1.1254,1.1468,1.1163,1.3334,1.2507,1.1043,1.1536,1.1663,1.32,1.1232,1.3406,1.1613,1.2437,1.1382,1.12,1.5342,1.1637,1.1517,1.3752,1.2623,1.1968,1.456,1.1171,1.2528,1.1807,1.1324,1.1663,1.1454,1.1546,1.14,1.1435,1.1554,1.1503,1.173,1.1674,1.1276,1.1592,1.1559,1.164,1.1486,1.145,1.1458,1.1384,1.2284,1.1792,1.1484,1.1788,1.2414,1.1763,1.7431,1.1743,1.2053,1.2083,1.1447,1.1678,1.2545,1.134,1.8934,1.4355,1.1331,1.2809,1.141,1.1495,1.1677,1.2138,1.1514,1.1439,1.2356,1.4088,1.1517,1.0981,1.6207,1.1421,1.4313,1.1392,1.139,1.2111,1.3983,1.1157,1.2317,1.1581,1.233,1.1547,1.1313,1.1748,1.1664,1.2433,1.1254,1.176,1.1964,1.606,1.1732,1.0957,1.2027,1.129,1.1289,1.1164,1.1658,1.1493,1.2358,1.5707,1.1462,1.1387,1.1051,1.4094,1.1354,1.0848,1.0837,1.387,1.1488,1.1775,1.7076,1.1787,1.1118,1.7969,1.1558,1.176,1.2048,1.1365,1.1969,1.1215,1.1387,1.1625,1.1659,1.164,1.1719,1.1854,1.2838,1.1663,1.1864,1.1248,1.1382,1.4594,1.1405,1.1426,1.1559,1.3829,1.1535,1.1542,1.1343,1.3401,1.1837,1.17,1.1169,1.1641,1.1502,1.1426,1.1322,1.1569,1.1891,1.1361,1.1912,1.1384,1.1377,1.412,1.1547,1.1481,1.1841,1.2436,1.1356,1.2496,1.1086,1.1115,1.1692,1.1582,1.1297,1.4145,1.1285,1.2048,1.265,1.1776,1.1087,1.1196,1.8315,1.1863,1.1906,1.1639,1.1569,1.9091,1.1364,1.1973,1.2166,1.2647,1.1567,1.1636,1.1461,1.1323,1.1593,1.1463,1.124,1.123,1.1187,1.1607,1.1218,1.1508,1.1426,1.1274,1.16,1.267,1.1475,1.1755,1.1566,1.1396,1.1253,1.1865,1.281,1.4292,1.2143,1.18,1.3967,1.2525,1.1381,1.1497,1.1671,1.1365,1.2485,1.194,1.1176,1.1278,1.1589,1.1566,1.2633,1.1057,1.8036,1.1721,1.1358,1.1045,1.1692,1.1541,1.1517,1.1255,1.6732,1.1741,1.1202,1.8428,1.1174,1.1535,1.1441,1.1503,1.2441,1.0809,1.3737,1.1363,1.1354,1.1516,1.1757,1.1358,1.1646,1.1747,1.532,1.1598,1.1526,1.1137,1.1997,1.0945,1.1289,1.1398,1.1151,1.2372,1.1362,1.1556,1.1236,1.1472,1.211,1.1321,1.1527,1.2968,1.1944,1.1487,1.1391,1.3449,1.1244,1.1235,1.5221,1.1444,1.1821,1.2096,1.129,1.2618,1.1797,1.1617,1.1199,1.1349,1.2743,1.1725,1.1863,1.1265,1.5102,1.1607,1.151,1.2424,1.4285,1.1476,1.2109,1.1579,1.2099,1.1463,1.4333,1.1304,1.7047,1.2639,1.1823,1.1505,1.1862,1.2018,1.1529,1.1115,1.1815,1.1787,1.1522,1.1605,1.1482,1.1186,1.1431,1.1721,1.1347,1.1296,1.3646,1.124,1.5298,1.132,1.6626,1.1221,1.4998,1.1444,1.161,1.1156,1.317,1.1535,1.9389,1.2452,1.6212,1.1697,1.3503,1.1385,1.2087,1.1685,1.5381,1.1327,1.7929,1.1716,1.143,1.2313,1.1997,1.2433,1.112,1.176,1.1923,2.3171,1.159,1.7857,1.158,1.2843,1.1409,1.512,1.1612,1.234,1.1577,1.1532,1.14,1.6405,1.1734,1.4482,1.1693,1.2103,1.122,1.1442,1.1962,1.4337,1.1396,1.2161,1.1355,1.1341,1.1194,1.1718,1.3058,1.1673,1.2049,1.1751,1.1638,1.3157,1.1838,1.1442,1.2554,1.1908,1.0929,1.1332,1.1552,1.0906,1.6905,1.2692,1.5988,1.145,1.1508,1.3087,1.1551,1.2373,1.1274,1.2715,1.1605,1.2188,1.107,1.1263,1.1617,1.1773,1.2098,1.1349,1.3018,1.118,1.2227,1.1326,1.2309,1.1123,1.2025,1.3021,1.1507,1.1467,1.1204,2.185,1.267,1.8323,1.1021,1.1982,1.2732,1.1348
Re-Integrate,0.5465,0.6539,0.5699,0.6143,0.6229,0.5726,0.5266,0.527,0.6898,0.522,0.583,0.5397,2.1536,0.5749,0.5814,0.5483,0.5892,0.4696,2.4772,0.5091,0.4788,0.5298,16.9175,17.0739,0.5824,0.5743,0.6313,0.791,0.5332,0.5951,1.0115,0.6188,0.4273,20.1445,19.0622,0.6739,0.6843,0.5791,0.6192,2.0534,0.6865,0.7159,18.0081,20.0782,18.5859,0.658,1.1293,0.5435,0.6848,0.7452,0.7223,0.6512,19.2821,20.0997,18.3611,18.4378,0.6989,0.7113,0.7065,0.6867,0.6977,0.6592,19.7609,19.2863,20.3311,20.0468,18.0374,0.9646,0.8591,0.7928,0.6916,0.7005,20.5608,18.0516,20.2829,20.6386,19.801,19.221,0.7291,0.9112,0.7096,0.6658,0.9237,20.4675,19.0491,20.8316,19.5124,20.8482,21.4844,17.6715,0.7082,0.6626,0.7317,21.7257,21.3533,19.0247,20.6361,19.0373,21.3624,20.6134,18.0495,0.7229,2.0311,20.8469,19.9326,20.7131,21.4798,20.6453,21.4523,19.8281,21.5095,52.785,20.9753,21.5787,19.0248,21.5425,20.6971,19.2203,20.5444,19.0875,21.0508,59.0031,19.4192,18.2532,21.2507,21.3058,20.1488,20.8198,18.3845,20.7127,21.6739,72.1412,18.7907,20.9585,20.6756,19.7207,20.9942,19.4145,20.8131,21.0035,19.523,79.7281,19.9397,20.2355,22.219,20.3432,19.9609,21.2061,19.5575,20.8271,20.5449,91.2052,20.33,18.976,20.5148,21.3711,19.2789,20.9837,20.4074,20.099,21.2011,75.8259,19.8555,20.5912,19.0402,20.8004,21.3612,18.7604,20.8448,20.3111,21.6552,79.0758,20.2584,21.2547,21.6215,19.9292,21.7248,18.9789,21.3871,20.7808,20.6097,65.2134,21.2893,20.9388,19.5012,20.8466,20.4284,19.5744,19.8316,20.1002,20.9176,97.9219,20.8618,19.8336,21.2601,20.8238,19.0015,21.1102,19.8615,21.5754,21.9122,119.015,21.0259,20.4575,20.0116,21.5143,21.4477,21.1247,21.2027,21.5544,21.4116,81.8979,21.2359,20.4354,21.3473,21.4222,21.1994,22.237,19.7117,21.9628,21.6786,101.413,20.5164,21.1719,20.5055,21.8964,20.6254,21.8046,21.4324,20.4533,21.6399,78.5237,20.0016,20.3816,19.5614,21.4659,21.099,20.4891,21.8112,18.776,20.902,89.6864,19.0511,21.0553,19.8712,21.27,21.688,20.4165,20.7082,20.6924,22.2422,79.8657,19.558,21.2138,20.4069,21.8595,21.2724,19.6509,20.8424,21.5421,21.7542,69.0403,21.353,20.7916,20.1386,21.9484,20.7575,21.9974,21.5794,19.6734,21.084,79.2609,19.7488,21.293,20.9922,21.9641,20.3304,19.3985,21.1887,19.5659,20.9165,72.0948,20.6002,20.0619,20.4085,20.5458,20.6404,21.2395,19.617,20.9075,22.6777,77.7462,20.3823,21.0215,21.5695,21.2898,19.314,20.4438,21.3723,22.0501,21.3384,70.6761,21.1441,20.9129,19.2913,21.5429,21.0278,21.3832,20.8702,20.614,21.5645,114.453,20.6826,20.4155,19.5319,21.6145,20.6805,20.0469,21.8541,20.4382,20.0182,103.069,19.8689,19.3221,20.7755,21.2518,19.2829,21.4255,19.1959,21.5826,21.9096,40.6187,20.5102,20.5721,19.2878,21.6931,19.2624,20.4385,20.4378,19.2966,20.6999,60.5871,19.1505,18.8906,20.1148,20.1024,19.4863,21.562,20.7895,19.7452,21.1716,67.4358,19.009,19.8677,18.8344,21.1836,19.5546,19.7422,21.4775,20.6403,19.0441,56.5895,18.7154,20.8455,20.5971,20.4995,20.8457,20.2722,20.7354,20.1826,21.8373,106.461,19.1729,19.6412,20.8651,20.9933,21.6715,20.8127,20.0034,20.7624,20.4327,81.951,18.8696,20.8253,21.5694,19.29,21.7662,20.3067,21.0123,21.3399,21.2614,91.3817,21.0989,21.9939,20.0738,21.5514,20.1141,22.7835,20.2596,22.8985,21.0361,71.1679,21.2298,20.0939,22.1962,20.1848,21.2129,19.8512,23.4565,20.3042,22.1028,59.3421,20.7087,19.4566,21.1776,20.2208,20.575,19.3605,22.5107,19.8192,21.2159,72.0845,20.3003,20.7341,21.0973,20.7161,21.8682,21.467,21.8114,21.0161,21.1091,77.3241,21.0704,21.0074,21.2859,20.1111,21.4082,19.579,22.242,20.4931,21.4971,86.016,21.0297,19.7636,20.6671,18.6542,20.9376,21.6456,22.123,21.3587,22.0385,55.6952,20.2808,21.3346,21.7951,20.2029,22.2593,20.7876,21.4017,20.0108,21.8964,49.4875,20.0269,21.5085,21.1263,21.7921,21.8689,21.9145,19.6316,21.751,20.4234,69.6143,35.4402,20.9005,19.4941,21.8413,20.9727,22.283,22.3681,21.6384,18.744,61.9968,52.1896,20.1092,19.2202,21.0196,19.5123,21.059,19.9712,21.2273,22.1041,82.0298,20.7327,19.1484,21.1569,20.0465,22.3557,19.4052,21.527,19.7707,21.6748,64.321,20.2393,18.2528,21.1109,19.9099,21.0769,20.7945,20.9829,20.8292,21.204,116.235,19.5762,20.53,21.302,20.663,21.2825,21.2767,20.061,22.8847,20.0805,106.899,20.4831,19.2014,20.9775,19.9549,20.8048,19.8097,21.3336,22.1077,20.4442,64.5141,20.2022,20.8361,19.9035,21.379,18.9769,21.3768,20.9274,21.2433,21.7128,54.9878,19.6301,22.3263,20.7066
Reconstruct,10.0915,9.8185,10.1221,10.3337,10.1914,9.6224,9.8447,9.3497,10.1213,9.5973,9.7435,24.3184,10.0191,9.0871,9.7005,9.8476,9.7477,9.7721,9.5748,9.4007,9.7594,29.7905,9.5623,9.8626,10.1946,9.97,9.9784,9.3619,9.9592,10.0978,9.6978,9.8892,9.168,9.8521,9.2409,10.3935,10.4514,10.0109,9.9027,10.0316,10.0581,29.151,10.0175,9.3581,9.7086,9.8276,9.5395,9.899,10.0336,9.4298,9.8717,10.1838,9.5612,9.9824,9.8916,10.2524,9.8493,10.0034,10.0339,9.7202,9.5046,16.4864,9.5781,9.4192,9.9395,10.0301,9.7312,10.5008,9.3872,10.4331,9.4254,10.5864,9.6397,10.7327,9.7792,9.6396,10.1026,9.7047,9.8962,10.0125,9.9456,9.7425,9.6936,9.9164,10.1913,9.9917,9.9624,9.9842,9.7032,9.3597,10.5126,47.0551,9.5864,9.8861,9.9304,10.158,10.1988,9.3498,9.7912,10.139,11.1881,26.2348,9.8979,10.0454,10.4324,9.5989,10.6158,9.8769,10.1575,10.444,10.1,12.3696,9.6182,10.2278,9.9261,9.6974,9.7919,10.4335,10.2055,11.0858,9.7737,15.006,10.1365,9.5767,10.3757,9.6854,9.6356,9.8726,10.6068,9.7935,9.6032,9.7021,9.5274,9.8435,9.4745,9.255,9.8637,10.8115,9.258,9.3178,10.2538,9.2646,9.6424,9.8342,10.126,9.7894,10.0987,9.8839,10.6744,9.7004,9.8776,9.6423,9.729,9.8372,9.4848,9.2904,9.8165,10.252,9.3054,9.4214,10.1035,9.5948,9.776,9.4608,10.1222,9.8328,9.2823,10.3011,10.1297,10.1751,9.5919,9.594,10.3801,9.979,9.6653,9.3879,10.3367,10.0201,9.8332,9.7625,9.9545,11.608,9.6915,10.4894,9.9849,9.4801,9.7565,9.746,9.5069,9.8904,9.8145,9.3549,9.5675,10.7859,10.0693,9.4651,9.6757,10.5185,9.6784,10.4582,9.8248,9.648,9.6038,10.2142,10.1107,9.8053,9.4061,10.1346,10.3886,9.8672,10.1789,10.0014,9.6164,9.5856,9.6894,10.2494,10.2441,10.0662,9.51,10.126,10.069,9.4051,9.7149,9.5674,9.7203,9.655,9.9124,9.8909,9.4816,9.7037,10.4644,9.259,9.4256,10.151,10.319,9.3513,9.4547,9.723,9.9953,9.5463,9.8568,9.5565,9.9484,10.5294,9.9027,9.734,9.2404,9.368,10.2836,9.5912,10.28,9.607,9.8054,10.3002,9.593,10.0353,9.6877,9.8164,10.2471,9.8373,9.5016,26.9499,9.565,10.2842,10.0816,9.6018,9.4688,9.6958,9.9579,10.1167,10.8901,9.2138,9.6611,10.1793,11.5289,9.6015,9.5726,10.2001,9.9921,10.896,10.0664,9.6103,9.5974,9.3297,10.5685,9.9392,9.8278,9.3763,9.9808,10.6894,10.7342,9.7201,9.1855,9.8275,10.2677,9.991,9.6528,9.4777,9.7783,9.7531,11.4414,9.9038,9.272,9.7019,10.0681,9.8595,9.8384,9.9636,9.7883,9.5459,9.8787,9.595,9.4126,9.9842,10.2735,9.6606,9.2504,9.7845,10.0468,10.8765,10.3324,9.6792,9.7085,9.5293,9.8784,9.6352,9.4905,9.8579,10.0683,9.7111,9.9638,46.1216,9.6677,9.6508,9.5646,9.5149,9.6723,10.2457,9.6381,9.3842,10.0331,12.1254,9.5431,10.8398,9.9038,9.86,9.2302,9.3123,10.0849,9.8702,9.8753,10.6341,9.2897,9.5572,10.6243,9.2755,10.2685,9.9232,9.4285,9.5925,10.1274,10.3009,9.6149,9.3171,9.6189,10.3231,9.6742,9.9754,9.7274,9.2707,10.4633,9.2904,9.5635,10.1914,9.766,9.7854,9.6216,10.0481,9.6481,9.8017,9.7656,10.1355,10.1138,9.708,9.6184,9.8075,10.0212,10.5805,10.1299,9.7395,9.7331,9.505,9.7212,9.8934,10.3656,9.6843,9.5037,9.5865,10.2438,10.4882,9.9096,9.7745,9.3906,9.6336,10.2518,9.7344,9.9023,11.001,9.9698,10.415,10.2772,9.6017,10.0697,10.1166,9.5035,9.2995,10.0102,11.1228,10.0185,10.1645,9.5955,9.7515,10.1801,9.4117,10.1087,9.5153,9.8285,9.689,10.0186,10.4085,10.8506,9.3873,9.3526,10.0409,10.5239,9.6736,10.0417,10.8358,9.6395,10.5589,9.373,9.3459,10.546,10.3161,9.5846,10.6077,10.0963,10.0343,9.7268,9.7473,9.5045,12.7159,9.7017,10.0152,9.9661,9.6805,9.57,9.692,10.2336,11.0157,10.2195,60.1987,10.8329,9.7583,10.7326,9.4486,10.0606,9.7803,10.6275,10.1071,10.6596,10.474,9.6134,10.5972,10.8746,9.3324,10.5088,9.3079,10.4704,10.246,11.0066,10.5157,9.5831,9.3506,9.3809,10.137,9.8866,10.0592,10.2951,9.4356,10.2784,9.3861,9.8338,9.747,9.3996,9.2727,10.3681,9.8552,9.8767,10.0897,9.6604,9.4789,11.1206,9.7468,10.2434,9.5541,10.2872,9.4055,9.7499,10.9143,9.9356,9.6169,9.7194,9.1332,9.7248,9.9904,9.7201,9.6711,9.7021,10.0793,9.5247,9.6124,9.5745,10.1005,9.9587,9.6542,10.4588,10.5292,9.4419,10.439,9.5969,59.2105,9.5954,9.4765,9.3867,9.7568,10.2928,10.1285,10.2633,9.5525,10.4125,12.818,9.1312,10.2011,9.7973
Visualize,4.6191,3.1137,3.356,2.8092,3.2766,2.9127,2.7438,3.0135,2.9487,2.9803,2.8601,4.2341,2.9065,3.144,2.7347,2.9962,3.0374,2.8308,3.0658,2.8107,2.7657,3.4172,3.0035,2.8293,3.8687,2.9456,2.7877,3.1653,3.0079,3.0281,3.1633,10.5043,2.8593,2.9134,2.8877,2.819,3.4564,3.0839,2.7458,2.8495,2.8867,4.6787,2.9167,3.0407,2.9539,2.6953,2.7568,2.9152,2.9935,4.4868,2.9722,14.5985,3.049,2.9442,2.7983,2.9103,3.0084,2.9614,3.6781,4.63,3.1942,18.908,3.0694,3.1327,3.1911,3.0232,2.8976,3.4474,4.2929,3.0634,2.9403,23.6986,3.2149,3.232,3.001,3.2345,3.0968,2.9444,3.1842,2.9116,2.9273,12.2115,2.9967,4.5095,2.9667,3.079,3.1868,2.9635,3.1429,3.0822,3.8366,4.859,3.172,2.9483,3.2958,3.0552,2.9731,4.2312,3.1727,3.0191,2.9991,4.208,2.9162,2.9431,3.4867,2.8421,3.0215,2.9462,3.0809,3.2402,3.073,4.8841,2.8839,2.9938,2.9719,3.2127,4.1989,3.028,3.0986,2.9077,3.0346,3.2363,2.9467,4.5177,3.0483,3.1208,2.998,2.9404,3.4424,2.9627,3.3547,3.055,3.2222,3.0665,3.4911,3.163,3.06,2.9843,3.3624,3.1272,3.0962,3.0144,3.0921,3.3506,2.9592,3.7266,3.1021,3.2356,3.0144,3.014,3.415,2.9771,2.8929,3.0455,2.9913,3.7538,3.036,3.0467,3.2782,2.9655,3.7496,3.0749,3.0003,3.1531,3.0344,2.9041,3.1167,2.9845,3.116,3.2236,3.0192,3.113,2.9563,3.1277,2.9959,3.3113,3.0232,3.5393,3.1199,3.1519,2.9329,3.1218,2.9856,3.1795,2.9406,3.1922,3.6043,3.0275,3.1971,2.9509,2.9684,3.3064,3.0812,3.0024,3.2678,2.9706,3.1266,2.932,4.0631,3.0879,3.0934,3.2042,3.1642,2.9871,3.0546,4.2218,3.2189,3.037,3.0159,3.0513,3.3148,3.084,3.0161,3.2184,3.0228,3.5464,3.0557,3.2177,3.0922,2.9742,2.9887,3.3183,2.8643,3.0489,3.0958,3.0866,4.709,2.9415,2.9755,3.1478,3.0629,3.6028,3.0999,3.0506,2.9934,3.05,3.095,2.9937,3.226,4.7102,3.2096,2.9941,2.9951,2.9485,3.0644,2.9441,3.9466,2.9991,2.8916,3.0418,3.2846,3.0037,3.2089,3.0496,4.3766,3.1823,3.0368,3.0222,2.917,4.599,2.9415,4.6496,2.9941,3.0495,3.0764,2.9312,4.0549,2.9639,2.9884,3.0328,2.9692,3.2748,2.9814,3.2941,3.1212,3.455,3.0817,3.049,2.9821,3.2153,2.9779,3.0672,2.9462,3.1389,3.0412,4.5135,2.9872,3.072,2.9509,3.188,2.9681,3.1426,2.9638,3.9442,2.9512,3.4367,3.0786,3.1308,3.189,3.056,4.6507,3.0963,3.0356,3.0256,3.1733,3.3072,4.2312,3.0205,3.1427,3.2673,2.9866,3.7451,3.2088,3.1674,3.0004,3.271,3.1261,3.0346,3.2924,3.2428,3.1522,3.0212,3.0482,3.1019,3.01,3.9138,3.2647,3.1052,3.1547,3.0511,3.9929,3.1997,3.2883,4.3473,2.9591,3.376,3.1611,3.0368,3.0228,2.9294,3.054,3.11,2.9851,4.02,2.9398,2.9765,3.2395,3.0585,3.1697,2.9427,3.1353,46.8877,3.2314,3.0472,3.0626,3.269,3.1564,3.1558,3.2299,3.9241,3.0227,35.8699,3.2106,3.0597,4.1904,2.945,3.3713,2.952,3.0948,4.6309,3.0284,3.3398,2.9768,3.1659,3.0731,4.6996,2.9058,3.2254,3.0844,3.0206,4.1864,15.608,3.0259,3.2326,3.0366,3.097,3.1661,3.3132,3.1636,3.8043,3.2524,3.0213,3.1976,5.8851,5.2902,5.0058,4.9895,5.2997,5.1099,5.1048,5.4369,5.0209,5.1699,5.4294,5.269,5.1792,5.0202,5.1971,5.1283,5.1195,5.1222,4.9584,5.2801,5.1511,5.6896,5.2008,5.2647,5.0834,5.1172,5.0173,4.9656,5.0259,5.4722,5.6739,5.8296,5.4989,6.7721,4.9265,6.6792,5.5801,5.0892,5.4356,4.9644,5.2422,5.168,5.0637,5.0384,5.0771,5.3445,5.2744,5.3003,5.5776,5.0778,4.948,4.9401,5.1867,5.1951,5.8232,4.9811,5.063,5.4123,5.0829,5.1577,5.1948,5.2529,5.2322,4.9562,5.0522,5.2592,5.363,5.2152,5.0885,5.1214,5.2905,5.3093,5.283,5.222,5.0748,5.0269,5.0524,4.9034,7.687,5.1769,5.1805,5.0509,5.0983,5.3353,5.4065,5.4497,5.2891,5.1934,7.2838,5.0971,5.407,4.8811,5.3592,4.967,5.1991,5.7625,5.1913,5.2713,5.1601,5.1333,5.0031,5.3181,5.113,5.0781,5.4436,5.0027,5.022,5.1555,4.8891,5.1845,5.3146,5.0164,5.3424,5.3612,5.1357,5.0167,5.2779,4.8454,4.9762,5.0199,5.4889,5.0418,5.4252,4.9154,5.1428,4.9119,5.2507,5.2598,5.114,5.3601,5.043,4.982,5.1083,5.0893,5.1796,5.2306,5.1282,5.1206,4.9687,4.7834,5.3692,5.2262,4.9818,5.1135,4.9475,5.2548,5.6645,5.0935,4.9523,5.1847,5.0656,5.5904
